1 3025 3083 3112 3155 3241 3385 3435 1581 1617 1865 2433 2692 229 658 998 2413 641 1459 1902 2588 1288 1569 2359 1688 1582 1873 1876 2734 2544
2 1369 385 2284 891 1688 3083 3385 3435 2359 2126 2331 1747
3 1508 2359 2362 385 1483 1755 2281 3435
4 862 3025 3385 3435 1532 889 284 1832 2359 337 1640 2077 2211 2433 2402 2313 336 229
5 3025 3067 385 919 1832 2359 2403 3083 3385 3435 1354 495 1172 2433 1581 2459
6 2433 3435 1684 1688 1939 1834 2163 2764 1581 3025 3385 660 229
7 3435 229 1581 1532 3067 3385 2359
8 3025 3327 1581 3385 3435 1023 2585 229 1087 2287 2433 1255 1354
9 1683 3385 1716 1180 1554 2513 1023 1172 2433 3025 1354
10 229 1718 3112 764 766 246 1354 1604 1688 2765 1897 2255
11 1477 3385 3435 1012 1757 1820 2103 2426 2100 1910 566 1450 2460 2959
12 1112 764 898 1612 1432 783 1269 3281 1553 2035 1688 1937 1940 2362 938 90 485 1758 1721 2599 2433
13 814 1157 1288 2275 2359 3281 3385 3435 1554 678 1497 1820
14 23 784 1175 1534 2182 3174 3181 3354 3385 3394 3435 1503 1866 2359 2628 509 1207 1579 1913 1180 2386 1071 1354 2433 2656 992
15 320 863 3092 3177 2386 429 1717 786 1780 1023 2359 2839 1503 2433 1579 2521 3385 3393 3435
16 2420 889 814 1023 495 2521 1634 745 854 56 3095 3258 3385 3435
17 914 2832 2996 3083 1416 2359 258 563 1450 229 3385 3435 303
18 337 2692 229 3385 3435 411 1108 1577
19 1797 3025 3083 3097 764 897 1688 405 515 1180 2389 3346 385 466 770 3435 1720 2588
20 1784 229 2667 2899 336 998 1180 886 1579 1707 3281 3385 1503
21 229 1579 3067 3385 3435 2778 1503
22 2751 2934 3385 2065 3435 1239 3052 2605 229 2492
23 3435 231 1095 1497 1532 1717 3385 100 2433 2386 1471
24 1195 1554 1982 1442 793 892 1456 1749 1687 1907 2554 3360 3385 3435 1729 2225
25 1717 1940 2210 1180 3083 3385 3435 91 2645 710 1774 2403 495
26 434 1157 459 229 3385 3435 2359 1456 1532 1151 1539 764 1717
27 3025 3102 3387 3435 2061 2433 2776 1112 2942 229 2035 646 1688 1720 2588 2907
28 3435 2452 2776 2228 2425 1578 1752 1720 3025 3097 129 1269 2123 2262 2331 764 1033 1688 2521 385
29 3036 3267 3385 3435 764 1943 2521 929 1007 1720 1969 2604 2704 385 644 1157 1613 2122 2127 229 1087 1383 2300
30 2813 3382 3385 644 1579 229 1503 2433 441 1023 1952 1715 3025 3435 2903 2386
31 495 3083 3265 3385 3435 710 1834 2359 565 1395 2247 2544 2672 914 1310 2428 646 1700 229 1178 1180 642 1002 1920
32 3025 3174 3209 3355 3385 886 1023 2801 2855 1203 911 2064 229 875 1204 1797 304 1138 1784 2433 1071 2762
33 859 1579 229 745 1503 2433 3024 3385 1619 1624 1288 2359 1532 1030
34 1720 2569 1147 5 67 385 407 466 1366 1438 710 1157 2362 3083 3210 3247 583 763 897 1258 229 2389 3281 3306 3435 1688
35 3055 1 385 465 466 764 897 1258 58 854 2150 2450 3083 3208 3247 3435 1040 642 2389 2776 1688 2032 1720 82
36 2317 3213 3281 3396 3435 2221 2359 1688 2768 2389 22 3083 3176 180 900 1279 1926 794 1172 385 466 646
37 1982 2031 2911 3385 3435 1579 1820 1876 229 524 1027 809 1135 2659 744 1147 1503 2497 2554
38 59 2040 1253 2026 3097 3385 3435 1078 1202 462 56
39 2359 1711 2588 1579 1756 3226 3385 3435 1354 1552 2386 233 1247 1503 2776 1195 376 2999 3157
40 770 1022 1354 1450 1940 2521 3083 3379 3385 3435 553 1624
41 3385 3435
42 2359 1683 2921 1367 3281 3385 3435 553 705 128 229 1624 2798 1043 1180 1551 1554 1102 1374 1172 2433
43 929 486 764 1688 1780 2521 2771 1007 1720 1969 385 3435 2822 156 2359 1354 2348 1865 2776 208 443
44 3385 164 939 2969 229 554 1955 2433 702 3435
45 3025 553 3177 3385 1532 486 1624 919 2359 746 2433 2086
46 553 886 1624 230 3435 1023 1416 1834 2359 3023 3385
47 1354 450 1407 1532 779 3329 3385 3435 1624 553 1099 2359 2407
48 1610 2433 2485 1456 784 2040 1316 2650 2764 3250 3254 3261 1315 553 385 3083 3385 3435 1291 1624
49 229 701 859 1624 2359 3028 3083 3385 764 553 1187 1688 2004 3435 491
50 553 799 1521 1697 886 1363 1624 3385 3435 2206 337 229 1554 2413 2207 1288 984
51 1115 1151 1204 1624 440 1023 1157 1416 1982 459 2433 3385 3406 3435 1699 1817 2742
52 764 646 938 1774 1834 2359 1720 1258 1688 3156 3257 3281 3417 3435 229
53 229 1032 1624 1797 486 1548 3083 3105 3266 3385 3435 88 91 2882 1593 553 1683 1450 1931 2249
54 746 1955 2433 229 1354 3385 3435 486 1023
55 91 151 105 109 984 2462 495 553 554 450 889 1202 1624 1551 156 229 3435 1157 1295 2015 2359 2879 2924 985 1479 1688 2521 3266 3318 3385
56 229 1672 263 2321 2359 1688 126 1529 1354 2542 2867 2958 3385 3435
57 100 1905 618 126 2077 914 1523 2433 1532 2112 2139 1352 1354 2971 229 3385 3435 1342 2359
58 3097 3156 3435 814 864 2529 1180 466 1135 1688 1943 568
59 126 3375 3435 2907 764 1688 2427
60 126 911 3152 3305 1180 1303 1732 229 1130 1902 2589 3328 3331 3385 3435 529 2303 2544 2718 1151 1362 1988 2195 284 1516 819 1024 1294 1569 2359 2364 2839 1102 1245 2061 2686 582 687 841 1654 1808 2497
61 2389 1761 2433 2768 3435 466 897 1688 2028 2498 1566 2359 959 764 1321 1354 1447 2810 2946 911 1526 320 385 45 1720 2712 2891 3053 3067 3083 3245 3247 3268 3363
62 2359 1688 320 1481 3109 3435 229 2104 2832
63 1688 3267 3349 1107 1279 2869 11 2166 2799
64 3385 3435 642 459 495 2433 2776 385 466 646 859 1237 2359
65 2735 2433 2035 229 764 1688 889 3097 3265 642 646 2314 2359 3435 1691 1023 1774
66 1180 1270 1679 2288 1237 11 2319 1318 2542 2588 3076 2521 2359
67 1354 2359 2740 3325 3385 3435 599 1237 1705 2010 2433 2774 1532 1708 296 896 991 1030 115 412 2032 229 873 998 1263 1554 2286 2418 143 1506
68 2648 889 2481 1369 1720 3435 2637 2021 2359 764 1688 637 3254 2803 1679
69 3435 3220 3265 1688 2588 642 265
70 229 1237 3385
71 2025 431 1532 2588 602 1237 3385 3435 229 1354 100
72 3374 3385 1549 1354 385 673 1237 1532 1291 2163 3020 3083 3177 3250 3265
73 2976 3025 3031 3309 3383 3385 3435 1115 1237 1393 1699 70 2197 1749 1354 1528 2180 2433 1023 2359 786 2093
74 2359 2029 774 1247 2126 2433 2774 44 1458 1532 2681 602 1237 229 585 3025 3385 3435
75 3385 3435 2588 1458 1532 1237 2126 2433 2077 2359 3025 3069
76 2281 86 2359 2362 1180 1111 3294 385 3149 1157 1235 825 3435 2497 2892
77 1354 1834 2359 2077 229 3257 3261 3385 3435 859 886 1237 2433 2588
78 1797 320 353 542 646 544 3097 1747 1209 1237 2147 2433 229 1180 480 568 764 987 1688 919 2359 667 2850
79 100 206 444 524 526 692 1688 1783 589 799 2124 2146 3031 3037 3050 3120 3216 3219 646 774 229 614 1749 2050 2709 2031 2077 2554 2765 2433 2695 2846 953 1946 2359 153 2792 734 1554 2386 859 1237 1361 1797 3226 3385 3398 3434
80 453 750 1172 563 2970 773 1157 229 1180 63 3012 3025 3031 3109 3145 3265 3274 764 1258 2032 2498 1522 1526 385 646 1150 2035 1289 2277 2433 757 979 1720 1237
81 162 698 886 1541 229 2295 175 725 1628 2359 3117 3243 3263 3385 3435 1688 2527 1898 1964 2398
82 337 764 886 1015 1079 1940 2032 3177 3385 3435 814 1834 2275 1180 1551 2433 2739 1599 2302
83 5 6 460 14 897 899 1688 2003 1342 2317 2854 3206 3210 3435 979 466 510 646 1379 1551 1593 2389 2343 1151 2783
84 3281 3435 320 465 2331 642 1900 2588 703 764 1688 1780
85 849 1501 550 1354 2377 2867 2932 520 1331 1606 2497 2521 221 646 366 1157 3281 3353 3375 3385 3435 3062 3179 2896
86 1354 2302 2645 1245 2433 1348 2359 2855 1982 1180 1269 1424 322 1207 1758 499 1536 1707 2394 2574 2585 960 1030 47 301 1532 3116 3305 3385
87 1354 2302 91 994 2414 166 3281 3385 3435 1532 803 229 486 2432 138 1157 2408
88 3003 3169 3265 642 1280 320 348 1151 1720 2061 2776 764 1688 1784 3281 3435 1969 2588 2032 1155 1824 1551 2359
89 1336 1157 3016 3385 3435 501 2611 2015 889 448 2408 1354 2302
90 573 621 1269 1334 1739 2281 1245 1450 2672 3091 3268 3305 819 2359 1139 1647 2660 3385 3435 303 2903
91 2359 3385 3435
92 3015 2302 326 1121 501 229 914 2433 1417 1769 2015 2359 2472 371 814 1296 1653 2370 1718 2263 3385 3395 3435
93 2394 2443 2809 2969 3306 3385 2497 1041 2359 2362 2672 517 1679 40 1557 1245 3435
94 229 2302 495 2433 3331 3385 1023 2528 1749 3435 844
95 3291 3385 3435 2218 2433 814 1098 643 2908 2302 2764
96 1563 2394 3090 3095 3281 3385 1180 621 660 2903 1688 2554 229
97 2996 3025 3087 3281 646 806 889 1084 1157 1607 1688 1883 2359 2404 2884 253 378 1280 1812 3330 3385 3435 1588 2204 2751 2790 1955 2433 2635 2733 194 229 493 621 1554 2394
98 2125 2984 3109 3309 3385 3435 229 1554 2302 929 2363
99 510 803 2413 2574 3308 3385 3393 3435 1279 2507 786 1180 1982 320 2433 2846 229 944 1417 2359 2473 2839 2900 3025 3132 3224 3265
100 1047 456 914 1686 2077 2359 1532 2710 3385 3435 1354 2302
101 229 2359 3385 3435 1354 2302
102 2813 2302 3435 2013 2659 1952 2359 2408 2838 2077 2521 3281 3300 3331 3385 3414
103 1620 1851 1272 229 621 1554 2281 2403 99 786 2497 257 2433 3214 3385 3435 2359 2302 2764 2889
104 2677 2954 2483 1648 2210 1830 2359 2409 390 1180 1679 245 1444 1540 2394 3385 3428 3435 217 834 856
105 713 818 959 1289 1471 1952 2017 2359 3200 3222 3265 3305 754 443 892 1226 1654 1688 2081 2239 2500 2768 3328 3385 3435 1544 2941 929 1374 2183 2535 1390 1442 57 1245 535 1590 2302 2303 2348 2813 2867 128 192 229 734 1180 1269 1554 1985 2700 1760 2433 2539 2904
106 642 371 1417 486 1388 459 2611 1532 1742 2588 1354 2302 2726 3385 3435
107 2433 2359 621 1554 1679 2459 486 3025 3385 3435 2302
108 1140 1007 1157 1952 1976 1601 1369 1532 3385 3435 1180 1679 385 1824 229 1793 2813
109 486 1338 804 1117 1579 1758 229 1737 953 2923 1532 2340 2302 2348 1354 2168 555 1503 3147 3385 3435 2077 2768
110 764 1688 2521 1471 2123 1634 2672 156 1381 3435 385 504 646 803 889 1752 2035 2288 1991 2764 2690 188 1007 1706 1720 1968 1969
111 2241 1204 2359 2560 229 641 1532 2903 3234 3260 3281 3385 3435 1126 1180 2386
112 1471 1503 1747 246 1079 1865 3025 764 1921 2867 3208 3435 2359 1688
113 480 1583 1265 1982 385 467 1441 1758 2798 2359 2408 2386 768 2686 229 879 1126 2978 3234 1657 2730 3385 3435 2768
114 3234 3025 2359 1204 2433 3385 3435 229 1126 1554 2386 893 2077 1532 2588
115 2386 3435 1425 3281 3385 446 2500 229 1126 383 1503 443 814 1288 1772 3234
116 229 1126 1593 2386 1532 2521 1151 91 2764 1909 1023 1157 1295 3234 3385 3435
117 1688 764 1180 3435 1079 1720 480 568 646 2359
118 2060 2150 2331 2777 2054 2821 764 960 1258 1688 2000 2097 1499 1157 1471 2359 2470 2844 3032 3097 3112 3309 3330 3435 1354 1838 1990 2046 20 129 2228 320 2728
119 2433 2622 2831 2832 1665 2303 396 1354 2359 2360 1508 2021 2139 2588 808 889 1207 1515 1542 2765 761 1641 1687 1679 2281 69 320 3051 3059 1002 1325 2054 143 1342 1688 2026 3259 3298 3363 3377 3385 3435 800 1061
120 2433 3435 2359 2668 2540 1354 2086 2130 2751 2996 3025 3385 1758 69 2054
121 1532 1747 229 1834 2359 2528 2433 3385 3435 69 1354
122 229 45 3146 3152 3200 3252 3265 3385 3422 2126 2153 2258 2828 61 69 602 1151 1766 1864 2938 979 1902 1262 1260 2295 2463 1157 1289 1345 2359 1442 1606 1688 1782 3435
123 3268 486 571 2036 2390 2130 1529 2147 2433 3309 3385 3393 3433 3435 2839 2852 652 1688 1885 786 1348 1631 1728 1729 2359 29 89 393 1354 1668 69 385 425 1538
124 1667 2130 56 2359 2919 39 766 1563 3095 3281 3385 3435 69 1206 1207 1625 229 2420
125 875 1593 69 229 641 3210 3385 3435 702 1954 2362 2526
126 669 602 2420 2359 2527 56 2126 2433 2935 2954 69 1532 2996 3385 3435 356
127 2521 2663 3358 3385 3435 2904 2390 2512 385 875 2749 1180 1679 711 776 1025 3025 3058 2910 646 417 3083 3263 3281 1749 98 898 965 555 911 2433 1260 1652 1937 1342 2359 2200
128 2010 1471 2015 2359 132 317 1218 1676 1679 2487 1354 2760 2468 1478 2774 1039 2327 3385 3399 3435
129 914 2359 3301 3385 608 1354 2760 229 3435 980 1532 2588 2433 2611
130 443 1057 1532 1749 1260 1602 1681 2768 203 3133 3308 3330 2588 3385 128 229 2105 2413 1354 2760 459 914 2739 704 2359 2581
131 1357 2566 2751 838 59 495 1172 1580 2685 3385 3435 3138 1180 2359 3083 385 540 2270 568
132 814 919 3025 229 1087 2760 279 1003 2468 1180 1265 886 2433 2487 2585 2707 3267 3385
133 2497 152 365 2760 2423 2062 2222 2433 2694 2408 1124 1265 1679 1982 1747 3067 3258 3308 646 1151 3359 3385 3435 2748 814 1288 2359 1146
134 3435 1140 1533 1354 2760 367 914 229 3385 886 486
135 3083 1157 1030 96 165 57 121 2019 2359 1532 1707 1926 3281 3385 3435 1257 2011 2126 2433 2129 229 486 998 1130 1551 2390 602 1151 1797 2494
136 3178 50 1722 2115 2442 2740 1157 1832 2359 2408 341 838 1257 605 2560 495 496 2433 24 229 823 1335 1428
137 24 1262 320 1483 366 2359 2841 1325 40 961 1256 1882 2215 3309 3385 3435 1554 1167 1955
138 1916 337 1257 998 3155 3156 1904 1532 2275 2403 2408 2939 3281 3385 3435 819 1288 1774 1865 602 646 152 1586 1688
139 859 886 919 1532 2903 1257 1354 1030 1132 3385 229 2359 2994 3280
140 10 285 2433 2774 602 229 1180 1551 918 2359 3002 3281 2469 2588 3385 3412 3435 1151 1257 1679
141 229 3109 3281 1257 3385 3435 1577 1023
142 3083 3095 1249 3266 3385 3435 1834 2359 2408 1257 229 1180 1354 1450 2889 859 886 1579
143 2126 1014 2359 1183 1377 3252 3265 3281 3385 3435 2934 2967 2433 2832 1354 229 10 1023 3025 3083 3097 3112 984 1532 385 1257 602 644 766
144 786 509 1820 1257 1883 1906 3025 3031 212 702 2359 3241 3385 3435 53 459 2433 2656 2587 1354 1446 2343 2722 1593 2281 128 229 734 1265
145 3129 229 2296 2356 2413 3385 3435 886 772 1469 1707 2187 745 2433 2903 2774 2521 1645 3161 3281 1634
146 2521 2408 2776 3385 3435 2077 2874 2649 1653 1257 719 3214 3267 914 247 1354 2126 2139 1554 156 229
147 2521 744 1152 1707 1354 2249 495 1688 1784 173 1288 1347 1834 156 572 3281 3385 3435 1257 2413 2668 2817 2340 2707
148 2804 2722 628 1145 3385 3435 175 2359 3203 3281 411 40 299 929 1713 1898
149 1840 2798 1780 1804 3261 3435 2340 2050 1532 2904 1030 143 2359 224 1180 1339 859 1442 292 3048 320
150 3097 764 385 2692 2776 3435 528 2942 1688 1720 1902
151 1797 1257 2161 2359 1450 1720 2585 2225 3435 1354 1442 1754 764 1030 3281 3311 3352 3385 1180 2350 1688
152 2359 323 503 2403 3083 2818 2907 1564 3281 3366 3385 3435
153 131 3083 3114 3281 3385 3435 642 1330 1373 1714 2588 2742 459 852 1172 1245 2180 2260 2433 1204 385 696 814 2359
154 2433 2640 292 764 1688 2811 3025 3083 3097 3156 3230 3383 3408 3435 360 1738 1471 854 385 180 979 1720 1746 2509
155 914 2999 3025 3156 143 1471 486 1180 2281 2433 3385 646 3435 425 642 1532 2588
156 3134 3156 2207 3435 594 801 2654 2780 1291 2320 2359 3219 3235 3250 3385 229 1679 2403 2026
157 1214 2359 1471 1834 2461 1354 1807 1941 2079 2521 1193 4 539 1245 1312 1523 373 470 1327 1532 1858 2148 2433 2656 2832 2139 1041 1202 1750 3112 3114 3280 3296 3385 3435 3097 1064 3025 766 792 164
158 3025 3114 770 1023 1245 1480 461 2126 2165 1905 2359 2433 642 1458 3435 133 2390 3383 3385
159 823 1038 1288 229 2919 3281 3385 3435 2374 39 3114 1180 1255 694 1245
160 1354 2969 3118 1024 1348 2359 1749 2588 939 1040 2420 1180 3330 3385 3435 960 2212 56
161 2588 2433 3435 642 3025 3097 764 1688
162 1688 3435 466 646 145 2333 2573 556 2738 3126 229 2389
163 71 764 859 2077 886 1364 3261 3266 3281 3385 3435 35 1354 2656
164 1727 1728 2359 2627 35 1354 2565 2433 2849 2929 575 3306 3309 3385 3435 3001 792 61 62 258 602 185 470 2050 2145 2340
165 2389 2061 2609 1834 764 1688 1720 2359 2588 2704 311 642 495 1865 3435 229
166 886 229 1087 1180 899 1688 2032 2306 2359 3112 3156 3265 3267 3281 3308 1023 3086 35 604 1354 2762 1172 1204 1289 1834 2403 753 1532 3385 3435
167 3404 3435 2745 2873 2359 2625 2081 1802 2390 229 764 967 267 1720 1745 2141 2867 173 283 438 1976 320 833 590 1526 405 998 1274 1354 1450 2202 3068 1688
168 3385 1834 2072 1532 2773 1354 3435 100
169 710 1023 2433 2773 850 1095 270 1354 1990 2168 3025 3083 1324 1858 486 1128 3385 3435
170 2743 2521 3065 3385 770 1834 2359 3435 229 1547 2773 644 1797 1354
171 646 1354 1688 2588 495 2061 2773 3359 3435 764 954 2359 539
172 2359 1424 411 1577 3208 3385 3435 2521
173 2588 459 2773 926 1444 1354 3385 3435 229 1679 2226
174 3067 3385 3435 2773 1532 764 1912 229 1822
175 341 2521 2558 2661 3276 3373 3435 3036 1442 673 833 1551 1594 1982 3038 3163 2588 2689 2773 2830 814 1833 2359 2858 2883 2060 2433 2615 2654 51 306 1530 1747 2054 1354 1094 1689 1125 1424 686 892 1261 1688 1943 2307 2496 2499 2459 2546 2798 2867
176 2602 1865 2832 1354 2408 3129 3234 3257 3385 3435 1151 229 1126 1551 1532
177 890 1687 1623 3309 3385 3435 232 1679 2547 1835 2359 155 2459 1007 2116 143 1413 1468 2782
178 1650 1683 2764 3234 3385 3435 2061 2740 142 1023 1295 2359 1204 1577 442 1563 495 1126 229
179 3043 3051 3152 3234 1157 110 602 669 1637 928 1055 786 1688 1904 3265 3281 3385 3435 1865 2222 2521 2551 229 486 785 1126 1180 1789 1202 1554 2192 2353 2245 1532 1749
180 1056 1126 229 1532 869 2359 319 503 504 3083 3234 3385 3435 1805 1354 747 2324 2433 1801 2403 1554
181 1126 1157 764 385 646 862 1720 229 2420 3234 3281 1688 1774 2359 3435
182 1030 1780 3435 548 892 1667 2168 2207 2756 2340 320 859 1363 1374 1532 3025 3163 3178 3234 3356 1126 1263 748 1529 2433 2659 3385 110 143 1157 1234 2359 2851 2921
183 3203 3247 3263 3435 79 959 1157 2359 2362 385 1367 72 1180 2389 336 1493 2201 2252 2891 2768 1688 2398
184 443 2497 2766 1503 1354 2346 303 1532 1536 1710 2051 2588 3177 3250 3281 3341 3345 3385 3435 3 886 939 814 1291 2359 1011 1758 339 229 486 1180 2390 2416
185 1508 2359 2408 646 1354 2348 2730 3359 3385 3418 3435 495 229 2386 2308 2772
186 2704 982 2144 800 928 764 508 803 995 1265 2776 2942 2217 3265 1633 2359 1551 1883 1937 1943 3435 3281 786 1688
187 564 1320 1157 2359 625 1982 1955 1840 1688 3268 3435 859 1442 1326 2054 2537 2497
188 2975 3067 2653 229 2040 381 602 10 1157 1289 1629 2359 2362 2580 1720 1885 3435 3385 2521
189 2212 2282 3435 2618 2654 2656 642 1110 2969 877 1086 3025 3097 3258 2433 1279 959 2359 2362 442 764 1688 1943 811 814 538 803 937 2764 1749 2398
190 3055 793 1254 2032 2768 694 1201 1365 1518 926 2920 33 1076 1786 2131 2798 156 1180 238 459 2061 2776 2226 3385 3435
191 229 1088 1551 1065 1503 2687 2774 2910 182 929 1749 1854 3025 3385 3421 3435 287 1471 2359 2362 2527 2530 693 1226 1687 2001 2239 860 889 92
192 3025 914 1245 3281 3385 3435 1749 2588 664 2348 10 1023 2019 642 930 229 602 844 1653 2433
193 1688 2080 2554 766 1135 1687 979 2904 3247 3338 3359 3385 3435 320 646 1540 1758 875 994 1180 1982 1988 2389 73 229 721 555 1102 1289 2359 1837 2205 2798
194 2433 2359 2362 2408 2281 2577 3369 3385 3435 646 1023 3018 3025 3265 1532 486 1749 1180
195 968 1998 2521 2554 2558 75 134 814 871 1295 2359 2902 304 1749 2908 3005 3385 3435 2780 2347 2764 710 420 911
196 3026 3305 3386 3435 1610 2611 2693 1180 1383 2867 886 1948 2069 2359 2408 1471 2832 229 486 998 930 1456 1532 2464 1354 2348
197 662 495 2121 3024 3385 3435 1157 505 889 2355
198 3097 3112 3360 1720 2508 385 803 238 854 2176 1471 1911 1265 2776 2346 3435 764 843 991 1688
199 3056 3177 3261 3385 3435 929 1532 2907 229 626 1180 459 2428 1289 1342 2433 1354 2348 2359 1255 1688 2767 601 859 1201
200 581 786 845 1133 1688 2030 2077 439 459 594 851 1102 1170 1503 2223 2433 45 309 694 803 611 1354 2346 2373 1537 1741 1749 2611 2656 2348 2687 653 2500 2521 873 997 1089 1593 2280 3265 3308 3385 3394 2998 3025 3051 3123 957 1023 1159 1832 2359 2629 2840 2292 3434 1540
201 2119 2855 2486 2303 2347 2867 1180 1183 2040 93 642 1532 2112 495 1064 2128 2610 1023 2359 2839 2982 3083 3129 3280 3281 3385 3393 3435 1688 2498 859
202 2611 229 1087 3385 3393 3435 642 1743 331 2303 2348 1659 1689 1759 2433 1299 10 814 1157 2163 2359 2361 2582 1029 1221 2550 2764 2839 602 1579 1313 3024 3025 3045 3281
203 2588 2907 2433 2656 2348 2764 232 1554 459 1100 2061 3105 3385 385 602 646 1387 1532 1749 1032 2237 1774 1948
204 2486 1852 3385 3435 2588 2726 2812 3097 602 1079 1241 1937 2025 236 1172 2691 1495 3200 1952 1659 1180 1269
205 229 2521 2348 3385 3392 495 1966 3083 3250 3281 814 1291 385 886 1127 1180
206 2488 2905 1978 2015 2359 2676 2552 1151 2842 2856 2490 3265 3385 3435 2908 2613 2169 2348 929 1095 1172 563 1928 814 229 878 1157 1780 1811 2497
207 2348 2961 2433 2611 2845 1594 2490 387 1151 1871 3083 3128 3156 3281 3332 3385 3393 3437 2660 2768 2770 2263 2905 303 1532 1710 1658 2128 1157 2359 2363 2839 2842 1354 2252 990 1688 2098 2497 786 229 486 878 1554 1592
208 320 385 464 646 767 1192 3048 3177 3281 3288 3306 684 641 229 994 1303 889 1561 1688 2312 2497 3359 3385 3435 1098 2484 2774 2831 1077 1758 16 172 1157 1289 1566 1834 1977 2359 2362 1532 2588 1992 2934 1354
209 1457 3154 3180 3281 914 646 3416 3434 1563 2025 2373 3385 2588 2691 1508 2359 2842 2856 160 1890 1503 2433 2169 2346
210 837 886 1151 1442 1372 320 602 803 880 1050 121 495 914 2061 2259 2433 793 1780 1785 2374 2497 138 955 1023 2275 2359 2919 3261 3385 3435 1180 1554 2385 1532 2708 1664 2348
211 340 1406 2772 2254 2789 2359 2630 1039 1079 2348 2758 3385 3389 3435 2386 1499 1617 1355 127 914 266 859 883 424 929 1463 2397
212 2359 2670 100 2347 2751 3208 3375 3379 3385 3435 1532 2588 2521 495
213 2521 156 229 486 2348 2611 719 2359 2408 1532 1797 3197 3385 3435 2139 2903
214 1269 2389 2626 911 2433 2446 2774 2776 1720 982 29 566 2648 953 2362 2404 159 943 1048 1180 764 839 897 899 1433 1688 2664 3025 3303 385 466 1442 1
215 1842 3435 107 1053 1324 2340 3385 3391 602 1404 1563 2029 3184 3282 3330 229 994 889 1354 1450 2040 2126 2433 143 924 2359 2805
216 216 1354 2093 2348 337 2210 2679 3385 3435 229 486 2726 2796 2969
217 2207 2348 3368 3385 3435 2834 1532 128 229 826 1127 520 1039
218 3097 2704 642 3185 3435 1180 1902 2588 1688 1943 568 2751 764
219 904 854 1614 1693 1869 2326 1905 2077 2521 1902 487 859 1913 998 1382 2967 1554 2413 3024 3258 3275 3385 3435 2359
220 2433 2469 2881 914 1616 1661 792 1030 1603 1653 3218 3267 3280 3281 3337 3385 3435 628 1977 2359 33 1669 998 1175 1551 1554 1488 1699 1532 2050 2054 2340 818 870 1279 341 527 738 803 886 1442 3054 2041 2207 2726 2497
221 675 2832 814 930 3258 3435 764 1688 229
222 3200 3227 3310 3385 408 541 495 911 1314 814 1232 1348 1774 1317 646 128 1374 2491 2061 296 2243 2668 1952 2531
223 2433 2340 207 2348 2740 3025 3226 3281 3329 3385 3435 644 656 2275 2403 2806 1450
224 3385 3435 2359 2408 2796 2867 2668 2340 527 1663 229 216 486 998 1265 143 1748
225 77 814 1950 2359 948 1354 2348 2050 2139 1504 2611 3385 3435 688 2521 1797
226 1559 1909 646 2588 1295 2359 1180 2061 2611 2348 2726 3385 3435 495 2764
227 459 85 3385 3435 3109 3295 847 2126 2050 2139 2340 2711 1354 2165 2168 2348 694 803 1081 1288 2359 3067 486 2390 1255 2768
228 459 1265 3385 886 1023 1834 3435
229 1864 2611 602 1442 229 486 1354 2348 2408 3385 3435 2359 61 100 101 1532 3197
230 1898 2740 2457 2722 1687 2409 3025 3385 3435 2174 2590 2774 2782 2348 215 856 486 1300 929 1679 2231 1354 171 549 116 175 2359 592 632 680
231 3097 3247 3409 854 2832 642 979 1720 2891 764 1838 385 320 2470 993 2228 2389 83 2359 129
232 642 1720 1747 2269 3435 764 1688 2632 1245 2776 1734 2039 3048 3097 3310 3330 3402 1040 1151 1852 229 571 655 1551 1679 1289 1295 1728 1979 465 154 2348 2764 2942
233 2934 1191 1883 2497 3010 3252 3281 229 2419 3435 602 2588 2433 1157 2359 2348 3385
234 2359 3385 3435
235 238 1450 229 2061 2326 2776 1734 694 889 2275 2359 2403 3385 3435 385 411 646 372
236 352 385 466 229 515 657 873 275 642 1004 1720 2599 750 854 1245 2061 2150 2173 2433 3025 341 764 897 1688 1780 2032 2518 2552 1094 1263 2701 2735 82 1774 1892 2389 3083 3247 3435 2907 646 1844 2739 1447 2810 2931
237 1140 2126 814 1024 3238 2408 95 3025 602 1055 1532 2403 2359 3411 3435 1805 3360 3385 1797 2433 2730 2540 1679 2488 229 1180 1340
238 1532 1180 1303 2344 2348 919 229 781 1050 892 1187 2433 2616 1749 2908 320 1829 2359 2973 3333 3385 859
239 2168 2346 2521 2316 2359 1087 2340 2600 1313 1694 2996 3385 3435 1707 156 191 229 703 1165
240 486 1180 3022 3028 3160 3385 1731 2359 2348 61 650 1354 914 2198 2870 2768
241 2359 2207 2346 859 1532 1902 3025 3385 3435 1030 2433 487 1050
242 459 10 702 2019 229 821 2996 3241 3385 2359 2348 3435 890 2588 2126 2433 602
243 2725 495 1354 2348 2077 2521 84 1728 2359 2842 3056 3231 3385 3435 229 859 886 929
244 886 642 2588 3435 21 2229 1023 1834 2359 3281 3385
245 3385 3435 1367 1389 1517 1845 2433 2521 2358 2359 2744 1987 2668 1988 2413 743 941 1149 1151 1154 1202 341 793 1434 1688 45 143 704 2832 500 588 630 796 2061 2124 1289 1348 1068 2205 229 356 1551 1888 1370 1749 2139
246 495 1759 2061 2128 3046 3261 3385 407 505 803 859 1354 2249 2348 2764 1405 1410 2026 143 1295 2155 2359 2855 2899 2917 229 1593 1679 1983 889 1579 1747 2887 2611 2832
247 2359 3281 3385 3435
248 1834 1720 1788 495 854 385 1688 2521 1865 2778 20 229 667 534 563 3435 3044 3067 2359 764 1023
249 2348 2721 2764 1289 1295 1471 2359 1354 385 889 495 3051 3083 3191 337 1683 1684 3435 157 229 359 1180 1551 3281 3385 2061 642
250 1180 1471 1634 459 1865 2177 642 984 2646 506 646 862 1016 1820 3227 3312 3394 3435 229 844 383 385 505 2359 1747 2588 1596 1679 1982 2194 2764 2952 2776
251 617 638 1532 644 646 1157 3435 2433 2018 2020 2470 3047 3131 1688 1779 29 566 1399 486 1802 2776 443 1554 2035 2417
252 1820 3385 3393 3435 663 1354 1450 2348 889 1707 2907 1554 1679 1987 2451 2500 2288 143 1157 2359 2363 2839 57 239 913 1095 2061 2433 1688 1780 1940 3025 3210 3250 3281 320 644 39 337 786 990 1030
253 2521 2611 2696 2846 803 941 1120 277 1283 1532 2275 3083 2359 2408 3265 3281 3386 3435 2460 1172 1554 1984 7 385 646 741 229 623 1423 1551
254 1483 2359 302 1749 143 486 1180 1424 1554 2433 548 3129 3281 3385 3435 764 1646 1354
255 3112 1096 555 3067 1449 2247 3435 2359 1688 1905 1940
256 3435 264 1360 1444 2077 2668 132 227 229 822 1180 1382 1554 1679 2227 3229 3385 474 1286 2433 2445 2594 919 1295 2275 123 683 1172 2178 563 1354 2954 2144
257 2544 477 612 2872 98 786 1937 2521 1263 1987 2359 2404 3385 2895 2918 2432 1202 1204 1627 3013 3024 10 1289 1172 495 1275 1450 602 740 229 1180
258 1296 1416 2359 889 1250 2154 3217 3385 3435 1180 1551 1554 1646 3055 3083 3088
259 2359 1646 3385 3435 929 2588 1245 3258 3281 3109 862 937
260 673 602 644 3048 337 1688 425 143 709 1157 2359 2471 2476 3156 3163 3217 3295 3306 3385 3435 1102 2656 2669 2054 2505 229 734 1122 1981 1982 535 2200
261 764 1688 385 971 1180 2359 3097 3265 3435 1344
262 272 1362 934 2139 2441 2588 2317 2359 1245 1503 2449 814 920 1471 1512 524 1688 1909 2031 2077 2979 2995 3163 3385 3435 385 805 889 1151 659 1551 244 329 1454 1841 1932 1996
263 221 539 644 911 3048 3295 3385 3435 157 728 445 734 875 764 1031 1260 1688 1990 2764 929 2056 2019 2359 994 1180 738 803 1569 1974 2552 2768
264 1660 2433 601 886 1151 1532 1749 1624 3051 3129 3385 3435 2359 2408 2532 1226 1646 2077 229 1130 1551 2493 1834 2019 1354 1832 100
265 1688 3435 3101 2359
266 281 642 3068 3435 568 2751 385 889 170 839 1557 1688 2031 2552 795 2359 1524 1956 2065 571 655 1735 2295 1116
267 761 2768 1342 2359 979 2742 2592 2782 3385 3435 490 1180
268 2986 2994 18 2278 2839 2913 1119 1291 1296 1471 1571 2015 2386 2422 1592 2285 3211 3229 3250 3281 3385 3393 3435 2128 356 486 571 786
269 764 786 789 1646 1892 2106 1444 3097 3163 3393 3435 514 875 1180 1679 320 384 385 2077 2521 979 1720 1454 2043 2542 2749 2810 2865 642 1354 1452 1688 419 911 1060 1683 920 1724 2359 2409 2839 1824 2867
270 1688 1932 2810 2953 2054 2338 3373 1104 1720 1102 2255 2323 230 878 1265 1679 2295 320 1148 521 1639 272 642 905 442 121 911 953 1728 2359 2404 2803 2852 3092
271 642 982 1105 655 3097 764 897 1780 2368 29 1353 2172 2867 1629 2359 2509 320 385 2389 2390 466 1040 2362
272 1749 1924 1342 1774 3162 3163 523 1260 1608 1688 1777 1885 1908 1909 934 979 1002 1282 871 925 926 953 1157 1289 3385 3435 2433 661 3025 3042 3106 242 286 933 2568 229 313 398 947 950 2035 2290 2390 1752 1820 2409 111 320 460 906 908 468 2095 2497 2517 2521 2317 2319 2359 646 858 1010 2019 2275 1244 2331 2428 2205 2253 2303 2139 1094 1593 1679 1982
273 1847 3308 3435 1538 411 1203 3097 3112 3281 1354 814 2314 2359 764 1473 1688
274 3025 3435 758 1460 1532 1471 1554 362 2209 2749 2751 1899 1688 1939 328 454 633 794 851 1955 2433
275 2035 2037 1688 2497 2831 2408 2918 694 2560 1283 2567 2682 646 3330 3376 3385 3435 451 495 2061 2324 2325 2730
276 1416 2424 1815 2827 2833 662 916 1102 1147 3280 3309 3330 3435 1688 2008 2061 2261 2622 1982 1007 698 1202 1752 1872 1554 1598 1675 729 877 1269 369 495 2966 385 345 309 427 337
277 2119 655 1086 1894 2588 3385 3393 3425 3435 1519 2751 362 402 1511 786 1447 2560 2839 2894 2359 459 2433 2035 2295 2390 1642 1688 3068 3084 480 1322 1112 1287 2054 3153 3258 337 343 445 7 646 37 80 1023 1472 889 937 642
278 1172 1866 1955 385 647 830 886 1180 2279 2404 2836 212 764 1436 1688 1780 1937 198 1490 2645 3435 1943 320 755 1006 1279 2740 236 3281 3308 3350 3096 3156
279 2139 362 1554 1653 2075 2359 3025 3385 1354 2971 2433 77 3435
280 11 814 1157 2317 2497 3281 642 978 459 2974 3083 229 733 1593 39 899 1688 1810 2076 2749 324 385 1752 1758
281 646 1079 1202 385 644 40 446 2588 2741 1611 2147 2433 78 1293 2359 3057 3097 3112 3257 229 512 734 750 798 1503 1526 480 568 2377 2548 2815 459 3008 3025 642 1055 1720 1902 1094 1265 1554 2192 3286 3309 3364 3385 3435 764 1688 2521 1482
282 398 750 1615 2061 2433 1382 1426 1551 1554 2035 203 330 2303 2764 3024 3393 495 2839 3435 1720 922 2275 2359 803 1151 1434 1688 646 764 1222 1224 2907 2521
283 495 1245 1611 2446 1844 1688 1937 2556 3250 3383 3435 229 1180 1859 2599 2701 3189 3241 17 1289 1570 2358 2359 2303 34 330
284 156 486 656 1023 1809 2374 2521 443 585 1688 1923 1265 3083 3258 3281 3308 3435 1467 2275 2470 2901 1450 2165 251 2776
285 642 1532 937 3064 3281 764 1688 1912 60 263 3435 2588 2359
286 642 1720 2139 3112 3385 3435 718 1776 2359 1904 385 330 1354 766
287 2521 2354 889 871 2359 2839 3385 3393 3435 1450 3081 2433 2703 786 1185 1683 2024 2497 362 2227 644 646 330 1354
288 2764 2953 1720 282 1007 3094 3097 3390 1333 2292 385 646 859 1750 1094 1180 568 2751 722 1774 2359 2858 968 1255 1688
289 3434 398 1180 1382 1547 1551 2420 1023 1775 1946 1563 1944 1221 2359 2804 803 1151 56 236 495 2433 2611 1492 2343 2545 3025 3097 3109 3228 3281 3385
290 362 1554 1679 1157 602 889 1987 1287 1532 2872 3097 3385 3435 1354 418 2433 1627
291 1180 3435 1688
292 3156 3246 3385 3435 2533 1023 2403 2902 793 1222 1258 1688 1944 2521 1354 2165 2545 2968 803 1874 53 495 2061 2432 2433 362 620 1554 2227
293 764 2396 2588 1688 1114 1541 3435 655 568 2751 320 3025 642 3118 3281 3322 3330 521 685
294 1354 1471 2359 602 1039 1579 486 2196 2292 1532 2340 2468 100 846 3385 3435 3198 3380
295 859 3198 3308 3385 2433 1532 1579 1802 1354 3435 3196 2023 2359
296 914 1615 1955 495 802 1860 2357 704 229 2208 2749 803 1156 1203 1699 3025 3385 3435 788 1259
297 2433 2920 142 1023 2359 229 2297 1579 2216 2768 1532 1536 2996 3198 3385 3435
298 5 320 383 602 1247 336 963 1688 1781 774 1023 1157 1834 2359 2403 141 441 3156 3198 3286 3385 3435 1074 1354 2247 2726 2751 646 859 886 1579 229 486 1050 1532 2681 2126
299 646 2907 2433 2651 898 986 1688 1778 138 712 714 2359 2365 465 3281 911 1306 2061 2331 1554 2035 3025 642 1052 1720 1902 2572 2588
300 519 897 143 774 814 1509 1948 466 128 732 1092 3083 2343 2379 2810 2968 2016 2026 2305 2521 2558 1554 2389 2275 2359 3156 3247 3278 3339 3375 3385 3435 1189 1556 1093 984 1741 1749 2444 2681 2593 2654 2699 602 646 672 803 833 1154 1365 1247 1307 1529 2014 2126 2478 255 911 1386
301 100 3435 1891 2390 333 568 1489 2643 458 762 988 1688 1382 1735 138 866 216 320 1797 2977 3048 3153 3239 3260 3326 1023 1288 1471 2952 2832 984 1368 1532 2139 750 1960 1961
302 715 3031 158 827 1123 1432 1688 1940 125 854 1424 1982 1535 2399 2509 1943 2026 1526 1865 2433 2717 385 407 644 833 1120 1698 1750 1820 2228 3098 3100 3244 3308 3435 2362 2855 2877 2596 2747
303 2147 480 568 2046 3257 3435 642 1720 2054 1688 2035 385 646 674 938 764 3097 771
304 650 143 953 1471 1374 1749 3025 2054 2340 2437 3269 3309 3330 3385 751 2433 2774 2439 734 3435 764 1184 2239 875 1037 1120 2359 2911 2916
305 1402 2713 969 374 1329 2266 2588 1339 2149 2151 2177 2432 320 937 138 284 958 1345 1414 1632 1768 2359 2844 2853 337 844 1688 1780 2661 3193 3385 3435
306 1532 2120 229 3198 3281 3385 2359 2904 486 1354 1990 1180 1554 1688 602 1579 914 1102 1169 10 1418 3435
307 2934 3252 3385 3435 979 2126 602
308 385 859 708 917 1024 1419 1730 1828 1140 2058 2061 2126 427 1532 1030 1688 2030 3040 3083 3204 3268 3290 3364 3378 2359 2408 1113 1204 1240 3385 3399 3435 2705 2742 1666 2136 2933 229 1180 138
309 914 1962 142 2061 2618 216 320 886 970 1207 786 793 1780 486 998 1593 2281 1354 1489 495 3031 3198 3281 3385 3435 1749 1508 2359 2408 1579 1758 2263
310 229 1180 2232 2413 596 186 1532 1970 2057 2332 2889 342 1638 3385 3404 3198 396 3118 645 646 1579 1753 704 2359 2734
311 320 412 519 766 792 897 1780 1785 1803 2371 466 1151 1200 1242 642 1707 1354 2204 2207 2764 2931 2960 814 959 1772 2074 2359 1541 1579 3281 3340 3385 3014 3025 3103 3154 3198 3233 3244 2497 2521 2553 53 557 911 2218 1965 2922 163 486 998 2033 2433 2774
312 1530 1747 1728 2623 1494 2301 2458 2860 2867 1688 2668 2515 3217 3268 3435 2641 2702 1082 1118 1205 1439 338 897 989 3009 3030 156 828 428 325 466 813 246 604 257 1103
313 495 1102 1766 999 1679 2500 2521 2554 2633 897 1260 1688 1780 1939 1999 2213 2497 138 371 1289 1471 2359 3024 3129 3281 3383 3385 3435 739 742 229 660
314 1002 495 1172 1759 2428 2654 199 668 3083 3359 3382 320 385 2026 1078 1541 2768 1402 2965 951 1348 1771 2359 2403 357 1180 899 1190 1688 1780 2292 2512 1329 1749 2823 543 646 694 3385
315 2168 2376 2795 3025 3027 3060 3265 3268 3359 56 213 441 814 551 844 897 1437 1780 2495 2521 1747 106 428 471 979 1532 3385 3435 361 1093 1551 1554 2420 255 745 751 1143 1307 2326 2433 2735 2785 128 229 385 466 602 646 735 881 1079 1203 2880 1342 2074 2359 2403
316 3435 814 1606 1688 72 570 3097 3250 3281
317 138 770 2359 3420 3435 2588 2890 2776 2777 1933 2754 2764 2956 1720 2143 1250 1865 2148 2613 229 486 1194 3030 3116 2693 2732 3183 3247 3309 3365 3401 2283 2295 2389 2417 443 527 1698 1799 1848 466 646 803 938 1442 479 483 568 459 188 303 308 642 929 764 897 1137 1688 1904 2098 27 150 385 407
318 2776 3435 1535 1720 1923 2438 2897 2417 2808 2859 899 1435 1688 1779 2557 168 583 1864 2433 716 773 775 1024 2878 3140 3206 3308 3032 1075 2304 677 854 911 1102 1554 1983 2349 1442 184
319 648 676 1151 1442 1579 1758 3393 3435 1852 273 929 1719 1743 2588 2030 911 1759 2433 2597 2832 518 1180 2390 1289 2359 2839 2378 2382 2460 2867 918 926 3124 3198 3326 3332 3359 3385 1354 1843 898 1688 207 786 897 53 229 405 3045 3073 189 228 8 466 646
320 288 363 642 927 929 2185 2540 2904 3162 3198 3310 3342 1024 1289 2098 2497 2520 320 465 803 1040 3383 3402 3435 3436 525 786 892 964 1688 1780 235 560 915 1101 1695 2621 1579 1849 2459 2713 2655 2698 1465 2359 2135 2169 358 400 1268 1339 1554 2033 2514
321 2186 1579 1952 2015 2321 1503 2479 2692 2249 671 889 1153 1423 2104 2772 143 297 443 1688 3110 3240 3255 3273 3330 3360 3385 3423 3435
322 2899 1554 1223 1688 3397 811 2070 2359 906 1720 764 1027 602 1442 3268 3284 1864 2612 2832 2955 1943 2661 3435 2588 2295
323 3435 749 911 2359 1245 2433 2120 1554 1354 1489 1990 3385 46 1532 2054 1686 216 889
324 2359 764 1354 229 1579 3435 3198 3385
325 3198 3385 2768 1157 2019 2359 599 889 1579 2500 385 2936 1532 2656 128 229 1180
326 87 183 477 241 385 595 646 699 2163 2359 2362 2526 1034 1201 1202 1484 711 2165 2375 2453 2862 814 815 1350 1510 1166 2013 2829 2830 479 1070 1491 1927 2847 1269 2193 1540 1544 1622 2502 2521 2554 3359 3385 3435 40 337 689 1688 1906 2030 2500 636 1332 1709 1749 1924 2467 2680 2742 136 1180 1262 3112 3115 3215 3222 3277 3300 3331 2918
327 1042 1442 1579 1508 1503 1864 2126 3435 2433 2835 2334 3198 3205 3267 3332 3359 3385 1554 1196 1264 906 684 750 814 1023 2764 272 229 1087 3152 3025 3097 646 803 527 886
328 3151 3195 3385 3435 1579 1624 2049 2263 2588 1248 101 258 229 1047 1592 1532 1354 1589 371 2359 2408 1556 1648
329 2830 229 2670 2124 2435 2774 3375 3385 3435 3198 3281 2794 1023 460 1579
330 2126 2147 2359 385 3198 1987 1489 1532 889 1579 1572 1259 2085 2954 3211 3385 3435
331 1579 889 3435 2038 2359 2403 2716 3126 3198 3221 3330 3385 334 642 1532 1747 1749 2340 2505 422 2831
332 926 970 229 486 1411 238 459 216 385 1712 1354 1450 1489 3025 3109 3198 3361 3385 3435 1593 1679 2111 2292 2967 3269 2521 2359 1546 1577 1579
333 1541 1579 1758 3344 72 1180 1210 1160 2317 2359 1067 42 1606 2661 2768 3198 3340 320 673 1483 642 979 1749 2362 1354 2165 2726 2751 2265 2396 3385 3435 41
334 411 3198 3231 3250 3261 3385 814 1682 1780 930 1532 320 538 859 1579 1822 665 1354 1489 216 704 723 1905 1295 2275 2359 2408 2632 459 1522 2126 3435 2764 2813 156 229 486 3419 268 425 1747 2190 994 1180 1339 1555 2420
335 1688 1806 118 261 320 859 1017 1151 1202 1236 1579 1875 495 849 911 1762 1865 2061 3198 3261 3312 3385 1220 1157 1342 1834 2023 3390 3435 1354 166 520 1023 39 76 229 314 486 1180 1427 1551 1593 1456 1532 1399 2208 2561 2751 2764 2163 2359 2407 2894 2147 2618 2830 1982 2490
336 3214 3231 3272 3281 3360 3385 3419 3435 1682 2521 2668 1749 646 182 907 3083 229 2764 537 2755 1774 1354 232 1209 1752 2768 1180 1340 1550 1596 1679 1982 2488 1140 1618 2123 2359 2842
337 1507 2271 81 1471 225 1262 1382 1551 385 468 602 2866 2934 2540 1016 1844 2359 3083 3252 3257 3281 3330 3347 3404 3435 2390 335 1561 1688 2446 2701 2831 2201 2722 2764 237 1245 1611 2433 1535 1720 1749
338 229 2359 98 787 2343 2862 1172 2432 2433 3020 3025 3372 3435 602
339 123 435 436 919 1471 2073 2275 646 803 857 1547 2488 2359 2408 1455 3265 3360 3385 2545 2934 1653 1682 949 2061 2611
340 2241 2359 3281 3308 3385 3435 2588 1592 1594 2408 2630 104 426 3109 966 642 2115 1100 1354 486 1503 1955
341 3080 3129 3268 3385 3393 3435 889 1203 998 1195 1757 2052 1532 1707 786 1026 959 1157 2630 2631 2839 1100 1955 559 2429 2972 2980 2 118 2420 2047 2757 91 83 289 436
342 176 1020 1471 750 912 2061 2777 571 873 764 842 2996 349 407 1079 1085 2628 2837 1255 1258 1688 1904 3227 3281 3326 3348 3435 2662 380 1535 1720 1749 1967 2570 2091
343 351 466 1040 764 844 1453 1994 3383 3402 3435 655 1982 2034 897 1688 2212 642 929 3254 3310 1456 1720 12 953 2317
344 1354 2752 2764 143 704 814 926 1228 1471 2322 729 211 1475 476 2359 2408 2579 2630 385 1151 875 1382 1551 2981 3041 3083 3129 3215 3281 1988 3351 3385 2235 495 1100 2835
345 3385 3435 100 2077 1180 486 942 1797 1100 1288 2359 2630 1532 2588 3024 2128
346 786 2027 1751 1245 1655 1424 2040 2359 2839 642 952 1471 3208 3385 3435
347 1797 3338 2863 2864 3370 3385 2359 2408 2630 1131 2521 2126 2774 1532 2263 3435 426 1059 383 859 889 459 1100 1204 3159 3281 926 1023 1634 229 486 489 731 873 1554 1982 2544
348 1354 1449 1790 2767 3435 426 2907 3308 3382 3385 385 601 856 1079 1679 366 2019 2409 2630 911 1095 1100 1102 2255 1180 1554 3067 3083 3201 764 791 1476 1653 1686 1882 1906
349 814 919 1420 1980 3281 1328 3055 1035 1083 1545 2204 3083 3097 3247 1783 1879 2238 2389 981 897 1688 466 486 876 1893 2038 229 1956 2126 2831
350 1029 229 660 1893 1354 2303 3281 3385 918 1157 2359 2839 684 794 3393 3435 1134 1688 2521 2554 2574 1151
351 312 144 284 814 953 1291 2983 3119 143 53 1649 1688 2372 3173 3227 3250 3257 3261 3299 3309 3363 3385 3435 2764 229 1963 886 1876 1917 2359 2403 2857 1990 2133 2248 1214 1552 1554 2194 829 906
352 2336 807 1360 1699 3385 3435 2883
353 3393 932 214 584 385 1197 1547 3025 3097 2753 2839 1487 3435 3281 3385 1893 611 1172 2061 2433 786 793 814 1023 2359
354 2359 3313 3435 1892 2035 2362 2839 2078 3142 3281 1435 1688 1784 1611 2147 1180 1744 1749 3108 3139 2281 584 2638 2774 416 1308 1522 786 846 898 899 385 646 938 2564 2751 568 1078 1201 2164
355 1901 2540 568 1755 801 1503 1862 579 1688 1885 1955 769 2359 3138 3435 2751
356 2077 538 2971 766 786 1688 1273 1354 928 2588 2295 10 2358 2359 2408 602 646 1208 1441 1442 495 1864 2126 3265 3435 3024 3109 3112 3257 229 1382 1893 2035 764
357 229 486 803 886 814 1354 2764 1180 1893 337 1648 2501 2521 1834 2276 233 2433 1291 1773 3129 3250 937 3258 3385 3435 1968 2588
358 959 3083 3268 3282 2797 2867 2252 249 1397 1450 2168 495 497 2256 2433 323 1626 1593 1674 1887 1982 1651 1471 196 1214 1554 449 586 1431 2022 2359 2855 3385 3435 278 1053 1859 2264 2339 2340
359 1532 2340 814 1023 1834 1953 2019 2318 1797 1180 1339 1679 2390 220 320 858 886 1444 1699 128 192 486 121 560 911 1172 2433 2642 1780 2374 2500 1641 2603 3148 3286 3385 3435 1319 2409 2774 2848 2764 2867
360 3385 3435 2359 2894 1577 229 1199 1536 411 1203
361 2432 2359 2384 2390 1579 2433 2614 2751 2764 1606 1684 1807 1909 2521 2524 1970 2267 2269 2588 977 3281 3385 3435 1157 1288 1245 1503 2061 1450 327 646 803 1041 156 229 1180 1592 1673 642
362 928 1922 229 359 1503 2126 2128 1937 3435 1354 2867 1346 1313 3051 3067 3222 786 1579 1634 2274 2359 3281 3286 3385 1087 1592
363 2289 2774 2786 745 914 2947 3435 1679 1982 1604 1687 2031 2311 563 1069 1073 307 984 1532 2393 2588 178 951 1019 1229 2898 3048 3156 3280 3281 3329 3385 114 385 536 646 859 1203 1520 156 1000 1377
364 1023 2359 3061 874 1377 1554 1592 1579 3385 3435 1653 1503 2433 229 984 2907
365 282 929 764 466 1752 897 1688 1288 2359 2836 3024 3247 3281 3435 2389 2791
366 2751 953 568 3170 2768 1180 1172 385 1389 1720 764 1688 1939
367 2839 2853 786 190 284 927 149 1688 1938 2516 2521 240 1903 2359 646 3257 3435 3070 3158 3190 292 394 568 1995 938 1579 1876 1341 2108 2390
368 2359 2839 2420 56 2610 786 1023 3393 3435 7 1755 3249 3281 3385 229 824 2281
369 764 1417 2359 260 3385 984 2140 229 1377 3434
370 385 1223 1688 2768 3013 3082 3084 3268 108 1530 3385 3435 708 2320 2359 1180 2832
371 2249 1072 1634 1977 290 803 1873 495 1610 1865 1688 2140 2340 2504 3155 3156 3385 2743 229 998 2734 505 737
372 1265 1676 2386 2839 1749 2140 745 1172 1180 646 1203 786 2497 814 1288 2359 229 105 375 642 3249 3265 3359 3385 3393 3435
373 1765 1949 2077 411 3261 886 1577 2433 3385 3435 229 486
374 298 1532 2140 2433 2774 2086 739 229 400 578 2992 3025 3094 3385 3435 870 1417 2359 2633 2348
375 3435 443 1942 2140 1930 2949 3385 3410 2780 1443 1797 1820 1529 1861 290 1417 1636 2408 26 1180 2292 91 219 809 859 940
376 2090 844 229 401 708 1417 1725 1289 1297 2131 1749 1895 2140 223 859 3039 1030 3385 3435 2826
377 838 309 642 229 1180 2486 3025 910 1172 1797 937 567 2089 2930 1157 1417 1746 2140 2588 3083 3385 3435 1532 1720 2433 1688 2498
378 2521 3177 3215 3385 3435 545 2002 2210 2497 1949 2359 2474 649 1758 2014 2433 1818 1819 156 729 1339 2420 568 1670 2546 2751
379 463 538 859 939 322 1124 1305 1593 1624 1758 1915 3137 3249 1470 2359 2842 2855 495 499 2061 2123 2486 3280 3385 300 894 1688 1780 2005 2102 433 814 95 3435 147 1749 2574 2497 2814
380 229 627 820 1124 1180 1382 1384 1551 1554 602 644 1151 1751 1102 1172 2061 2257 2433 2605 1736 793 2768 1532 1813 2140 774 1417 1949 3249 3276 3281 3385 3435 1354
381 2497 2140 3385 3435 2839 2857 2489 269 984 911 1498 1864 61 68 385 468 1377 1551 1593 1740 1892 2107 2291 3267 3330 1962 2433 2639 2656 690 786 960 1030 1639 1279 1324 1707 2050 2112 2139 1354 1787 1442 1820 1850 951 1023 1162 1296 1417 1565 2019 2359 2206 2762 2934 602 1151 2979 2987 3025 3083
382 480 607 2650 720 3435 3087 767 1688 646 1483 1575 555 2672 2035 48 2147
383 764 844 898 1688 1880 1940 1943 2030 2521 1471 2359 2914 1289 1051 1747 1749 1969 3250 3257 3308 3112 3227 3249 674 737 803 1362 222 657 320 646 1516 495 2823 679 1611 2737 2739 3373 3394 3435 2046 2764 785 1337
384 1382 1424 1552 1593 2033 2486 3407 3435 2312 320 505 3007 3249 3264 3345 3385 219 1058 1456 1030 1648 1780 2026 423 910 1064 1145 1661 2128 1532 1749 1859 859 882 940 719 1157 2359 2408 2855 2375 2650 2867 2433 2656 2832 2846 2050 2340 2683
385 3024 3203 157 1001 1048 1551 1982 2389 1865 2151 713 814 919 1288 479 2048 2963 188 930 1007 1535 2140 1079 1442 466 859 1471 2359 2844 1688 1881 2667 2832 764 897 3247 3281 3431
386 2034 2388 2867 3385 45 906 336 481 3116 3179 3383 1605 1688 1780 2668 2768 320 466 888 1692
387 519 2408 3017 3083 1720 3385 3435 1864 2219 2639 2730 889 1180 1688 2498 2359 2762 229 232
388 195 229 486 2104 2389 320 385 466 887 972 975 1751 1847 3031 3210 3247 3265 3281 3320 3435 568 1323 1354 1358 1401 2201 2942 717 776 951 1417 1973 2359 2362 271 272 443 1473 1474 1688 1538 1720 2140 2569 2497 2500 2521 561 911 1656 2181 2331 2611 2642 2776 2787 2832
389 2521 2946 2749 2226 3385 3435 229 602 1532 2140 3019 3281 705 1417 2359
390 2303 2809 2867 347 835 938 1546 929 1720 3025 3385 767 1605 1688 192 734 825 875 1298 1679 1987 2035 2281 1728 2359 1245 2009 2595 2701 959 1157 1724 40 211 3435 681 1102 1844 2906 2909
391 2140 219 940 2433 3276 3385 3435 1688 1271 2725 2969 2408 814 1417 1172 229 1679
392 2087 1168 2257 538 859 3249 3257 3385 3435 2769 495 2359
393 219 388 602 2994 3069 3129 3208 3210 3212 3223 3237 3250 3265 3281 3385 3435 53 233 495 940 193 229 10 814 1288 1289 1291 2359 2362 2401 2408 2922 1030 1688 2497 2764 998 1129 1500 2611 393 1935 2348 984 2050 2118 2686
394 2433 2275 2359 814 1417 1949 2966 1434 379 1202 229 2412 2488 169 2140 2249 2793 3385 3435
395 2985 3261 3281 3286 3385 3413 3435 1310 1957 2007 2594 2611 1187 2668 2751 1532 2140 694 229 1551 2103 741 1990 2134 2725 1417 1834 2359 2408 2885
396 1688 2061 1696 1902 2140 3281 3385 177 814 919 1158 229 1048 1180 1216 1595 2392 2844 2824 2907 475 642 1280 3083 3153 3226 205 563 1080 197
397 385 466 602 646 480 568 446 764 786 897 898 814 803 833 187 276 641 2993 3004 2244 2251 1356 3095 3192 3247 3257 3375 3393 1180 1181 1554 1671 1028 1135 1258 1688 1906 2095 2521 2666 2764 2810 2814 2147 2217 2303 2559 2751 1510 2070 2839 938 1514 1752 1471 588 1168 1174 1503 1662 1955 2117 2686 3435 1008 1720 1857 1968 2035 2389 2413
398 1506 2359 2839 3385 3393 1151 1758 786 1683 1688 138 1023 2768 2608 1551 1988 2390 1006
399 180 278 1532 192 355 511 1124 1175 911 9 411 466 179 1263 1270 1597 1679 1163 1417 1466 741 3314 3371 3385 3435 3034 3056 3075 3178 3247 3251 3261 3265 3281 3304 786 897 1030 2389 1538 2140 2686 2359 2408 859 885 889 33 1354 2044 2459 2497 1826 2259 2433
400 229 459 558 3077 3083 406 3112 3308 3343 3375 465 642 1354 1095 1172 1959 766 1688 2768 2670 2674 764 1180 2867 2607 2764 2793
401 3083 3207 760 2139 2340 3249 3267 2303 316 1982 2927 719 1349 1505 2359 2839 914 2692 2788 2585 2588 3385 3393 3435 1029 385 409 1825
402 814 411 861 1151 1577 1288 1417 1635 1834 756 2521 2140 2574 3281 3308 3385 3393 3435 2303 2359 2839 1029 2214 459 495 911 3033 3113 3129 3265 229 1265 1384 1551 1797 2413 2912 2152
403 10 98 802 2611 495 2101 2359 2408 1382 1551 2421 1919 2868 3249 3281 3385 3435 1023 1949 602 1204 844
404 2147 2433 83 711 1865 2123 646 829 1752 642 1688 480 568 1997 2751 2588 3435 1943 2764 2035 2228 129 517 993
405 1780 2032 2497 2552 1791 552 2466 2536 2541 2871 3051 3435 2331 2433 2692 2780 2832 102 3309 3384 3397 2070 2160 2035 2295 2391 1417 1629 1947 3308 458 459 634 888 1078 1085 1704 1752 1720 2054 2140 928 1532 747 875 911 1307 1958 764 786 1688 3281 3306 1182 248 320 385 602 646 865
406 20 21 401 622 1551 2281 2147 770 870 1508 2359 1102 1245 464 3281 3385 3435 642 1720 1688 2588 392 2345
407 1038 1281 2050 2115 2140 2505 1558 2521 911 2736 707 1417 1471 2359 226 229 624 1050 1090 1426 1552 1592 1422 3385 3435 1914 2867
408 3021 3025 66 3029 3083 385 466 646 803 938 318 944 3334 30 1823 1844 1864 1865 2147 2328 2433 366 2359 2362 480 562 568 897 1258 1688 1784 2032 2236 2366 2554 2555 2666 1720 1747 642 1554 2035 1277 2045 2764
409 2140 745 1172 1543 2359 3257 3385 229 1203 3232 1584 259 859 886 3435
410 1264 1594 117 810 859 1023 1288 1416 1508 1834 2359 2403 2844 3024 3177 1417 3265 3281 3329 3385 303 1532 2140 2340 1988 2281 886 1519 1278 2168
411 459 495 616 2055 218 1041 3125 3203 3306 3385 3393 3435 3071 1885 2521 2140 2540 2586 2588 2303 2459 2861 2969 794 2433 2855 1551 2392 2359 2362 2839 1751 229 1130 393 1585 2252 81 1417 1510
412 3265 3309 786 790 845 1225 803 1442 1520 929 1108 175 284 814 951 959 1417 2722 2810 1752 1608 2096 2500 2466 3435 3385 3393 2916 2459 2719 794 1097 1864 2329 2781 229 875 997 533 604 2381 2359 2839 1898 2140 2443 1044 2292 2295
413 983 1053 1532 1720 2140 745 1313 1863 3385 3435 1449 1666 2088 2250 143 726 1157 1417 1467 1834 229 998 1087 1091 2996 2061 2126 2225 1135 1408 1688 2029 2369 1627 1949 2855 1180 1672 2647
414 229 1183 1383 1551 1024 3055 3083 3262 3385 3430 112 320 321 386 670 889 3435 2521 1369 1914 1680 1780 1808 1940 2776 2050 2139 640 984 2140 2465 1417 1510 2359 39 891 1653
415 124 911 1143 2140 2886 2168 229 1554 2109 2419 2421 371 2359 2997 3025 3167 3385 3435 100 2611 897
416 2094 3331 3385 3435 1797 66 385 602 1621 3268 3292 3308 2588 2605 1988 2292 2140 619 1009 1285 1531 2138 2763 152 2042 1177 1180 1983 2591 629 2222 442 1430 1560 1688 1909 143 1417 1630 156 229 946 1094 695 700 803 1202
417 2298 2751 2389 1986 2228 2665 2583 2890 1246 532 568 437 945 1982 385 466 646 889 3035 3267 3281 3385 3435 1279 2188
418 1461 1532 2140 459 1554 229 993 3276 3385 3435 1079 83 1417 2625
419 897 40 582 584 1456 1532 1968 2189 129 1180 1265 639 929 931 1376 119 1682 1688 1779 1784 458 854 1865 1867 2433 568 1351 1791 2375 1808 2867 2751 320 466 803 1847 128 3194 2832 2362 2403 2881 2915 13 724 814 3208 3258 3330 3360 2768 2228
420 466 1844 397 568 1995 1744 1855 2746 2751 2867 452 2410 495 1062 1310 2066 897 1688 756 759 1053 1720 3286 2108 1180 229 944
421 1688 3435 2359
422 2163 2359 1789 2966 3385 602 229 452 911
423 2359 368 1023 3385 3435 3025 3074 2433 3281 452 495 1955 886 2521 1186 229 1464
424 1688 3435 642 764 2588 2433
425 1061 2065 42 764 845 1688 1780 2542 2749 2959 2588 3047 3265 3383 2148 2692 391 263 651 3385 3435 2525 1939 2516 1231 2359 2362 1551 2390 1802 1820 1821
426 2359 3435 3385 2433 2234 452 229
427 100 3048 3143 1688 979 1532 2113 2336 1354 11 868 959 1629 2317 2542 2521 2766 2409 452 631 1172 2428 856 1151 2439 1180 1551 1679 3265 3408 2832
428 229 1551 377 2268 3025 3084 3244 1688 1783 531 2670 452 911 1172 2433 2776 2777 2831 3247 3375 3435 385 859 2349 2389 137 814 1565 2359 2333 2684 1929 2808 2968
429 1180 1554 1985 2433 2832 1606 1688 1886 2026 2571 2281 886 1151 1445 2032 2241 3281 3310 3385 1798 3435 1726 1834 1587 3024 3025 3095 642 902 984 495 229 486 655 919 465 598 293 295
430 1720 33 1976 2362 1178 1179 3025 3067 3281 1432 1688 2083 1024 1535 382 55 800 2433 3360 3435
431 2599 2697 764 1688 2224 2433 2611 1573 2362 486 3025 3083 3097 472 1004 1535 1720 1749 2508 2916 1554 2386 452
432 452 495 229 295 1687 2367 2765 2133 498 2832 2903 886 1207 3122 3250 3293 3385 814 1024 1157 1230 1725 2067 573
433 1751 3025 2527 1532 2433 2832 3097 3281 3385 3435 1536 2585 1023 2359
434 1688 706 70 1679 2904 2359 2282
435 329 803 1367 1698 639 929 3340 3385 3435 1097 2768 3030 3064 3224 1456 2681 2359 2843 1688 1780 2312 2867 2957
436 2593 2636 3388 3435 2673 809 889 305 1284 2740 2800 1202 2030 2549 2359 17 1157 1345 1951 2021 15 3049 3385 19 194 494 2111 2205 839 844 1135 1136 1688 94 337 786
437 1367 1913 1688 635 2428 2542 2020 2157 2359 2469 3435
438 770 1023 1157 1952 200 243 480 566 568 1666 1934 1990 1993 2159 2359 2114 2137 889 1679 2035 1909 452 1392 1576 3083 3153 3164 3172 3175 3200 99 1654 407 646 2402 2408 3305 3328 3335 1245 3385 3435 2706 2889 2751 2813 2171 229 1688
439 2776 3308 3435 229 1551 2389 2032 1243 1720 2598 2739 1035 1202 452 459 2063 385 407 466 646 803 3072 3281 1354 2132 2764 2968 46 47 906 14 711 1289 2021 2802 2836 97 897 1688
440 2903 2904 1816 1902 2588 3261 3385 3435 1648 1688 2203 2456 2645 2860 3218 3257 1462 1749 2832 2227 2390 1611 3025 3087 3156 480 859 294 522 765 898 734 875 1213 1554 1679 1732 1982 2040 143 925 953 1230 1773 1774 2021 885 973 1079 2433 2638 219 414 646 858 229 232 452 459 1102
441 533 666 473 1532 1749 2534 584 786 2435 2624 2831 452 588 853 3083 3261 3324 2681 2904 911 1102 1688 833 858 859 2082 2839 2299 2928 128 225 229 2390 2413 2420 803 138 919 2070 2359 2408
442 2588 786 1688 642 928 3393 3435 2359 2839 864 1471 452 1245 1689 1961 2433 1982 3048
443 465 1040 764 1688 665 1354 1180 1339 1982 3435 2359 3112 642 1747
444 803 3087 3097 229 577 873 1382 337 1682 1688 814 817 1295 1348 555 797 646 1749 1898 212 175 2359 2858 2396 2588 2411 3323 3373 3385 3435 2304 1943 2004 2521 2766 161 2751 2764 452 495 642 1541 1795 532
445 2359 3435 3385
446 229 574 786 2359 2839 452 1554 2327 1140 2007 1679 3048 3281 3385 3393 3434 2521
447 1688 1940 452 914 2053 2768 2128 3435 563 609 1840 2348 600 1444 3129 486 1093 1679 11 2317 2359 43
448 2405 2474 2672 730 785 872 873 1678 2035 2281 2389 2424 1189 1688 2031 2032 2522 569 1449 140 773 954 1591 2794 2942 2944 2945 2968 1167 1526 2148 2219 2433 2739 385 466 602 480 568 1720 2876 646 1036 1441 764 3030 3156 3257 3330 3360 3366 3367 3435 2668
449 1409 2497 2498 914 1245 2989 229 1889 452 495 678 3083 3281 3318 3328 3385 3435 49 272 1532 2505 2678 2740 32 530 1355 1358 2207 2729 2952 2969 1157 1471 1834 2359 2408 2807 2879 138 143 809 886 889
450 2359 2839 3393 3435 786 1688
451 764 1688 452
452 1325 3281 3393 3435 1180 484 351 889 212 519 764 786 899 1688 1940 146 1157 1342 2359 2839
453 3435 2359 1688
454 644 3281 3309 3025 3063 3078 3248 3257 389 568 2751 875 1679 2415 691 786 1135 1687 1688 814 1634 2359 2839 2855 1535 2050 3385 3393 3435 889 1546 2881 2902 1780 2555 2954 2433 2678 2908 452 745 911 1102 1245 1611 2007 2146 2153 2154 2327
455 3035 3067 3141 452 555 646 1180 1554 2035 2386 2390 3281 3363 3385 3424 3435 229 46 1771 2359 853 1172 2124 2147 563 568 1668 2205 2751 1688 1939 2031 935 2791
456 3362 3430 2455 2808 2867 2739 2776 2832 2503 646 1118 1237 229 1050 1129 1266 2110 2228 2515 252 452 1171 2146 2433 181 427 930 1896 1969 202 1448 1449 1836 2246 129 156 157 3025 3033 3093 3163 3266 3281 3289 3308 143 711 1295 1471 1774 1827 2359 2403 2855 2899 262 36 209 844 1188 1258 1682 1688 2031
457 229 944 452 459 495 774 1471 385 539 674 886 937 938 1578 1844 2091 764 3187 3222 3258 3328 3383 1723 2359 2672 1245 1611 2433 2701 2167 2810 3435 1535 1720 1747 1969 1654 1688 1943 1982 2035 2199
458 539 803 856 886 1749 1307 1471 2359 2362 840 844 1688 2521 1955 2688 2343 2750 2751 2142 2466 2409 3281 1679 2390 2413 1267 1300 40 98 399 54
459 1902 2511 1749 2111 2195 2290 2768 1078 1241 1157 1464 2156 2158 2359 884 482 533 568 1990 1992 2722 1866 2433 2619 2695 421 592 853 1657 1763 1865 2751 284 844 898 2497 229 571 782 873 1049 1600 1677 1679 410 190 413 646 697 858 291 364 867 3306 3351 3359 3385 3405 3435 642 385 169 210 2978 3129 3150 3153 3186 250 415
460 229 602 1241 1442 1679 2255 2652 2839 3112 3393 3435 766 786 1688 2359 249 1354 1789 2759
461 2359 1180 2260 2656 2701 533 1322 2751 238 853 1245 1251 1869 1241 1440 1486 721 836 696 736 803 469 858 889 793 1477 2031 2240 2996 3048 3087 3280 3328 3336 1532 1537 1714 2119 2335 3357 3385 3394 3435 642 1024 2021 2071 135 405 577 2233
462 2620 1780 2433 2618 138 867 1972 685 1687 320 411 1207 1241 3109 3385 3435 1354 229 2359 2362 2894
463 982 1720 2395 2764 2794 2943 2775 3434 2776 1554 2446 385 803 1846 204 2475 1157 1432 1688 2031 2554 873 901 3083 3136 3308 211 692 764 1258
464 914 1252 711 2359 2408 2126 2654 320 1990 2764 895 1683 1780 206 229 488 3385 3400 385 1241 1513 1180 1892 2292 814 951 1227 1832 2272 3075 3083 3177 3281
465 628 1144 1310 1023 3385 3435 264 1296 1109 2139 2588 547 1683 2554
466 55 370 1157 1290 1565 1633 2359 208 212 1683 74 229 875 1551 1554 1988 336 1354 1450 2560 2962 320 346 350 507 858 886 889 3006 3055 3083 3281 3291 3292 3308 3385 3415 3435 1688 1784 2310 2521 2555 973 1241 2408 1749 1856 2904 628 1503 2064 2693
467 2303 2542 2751 3281 3393 1385 1982 2359 1173 2362 2839 2907 1884 2521 3067 3203 3266 1151 1483 1021 1157 1227 1508
468 1241 3265 3267 146 2359 2839 3281 3315 3393 3435 786 1688 1279 764 2790 229 1574 655 1180
469 886 1151 1207 1241 1758 1354 1551 1554 1892 1982 229 401 875 1130 239 752 2124 2618 786 3025 3179 3385 3435 306 928 2574 1023 1293 2359 38 1990 2247 2377 2774
470 2454 959 1774 385 1918 3188 646 2359 1653 1688 2031 2077 1180 1554 1354 914 2428 3337 2907
471 2340 2705 459 1396 2205 2454 320 859 229 403 1046 1180 1217 1982 2486 1030 1324 1532 1747 1749 1246 1767 2433 2832 3168 3385 3391 3435 713 919 1161 1289 1562 1780 1885
472 2454 2359 2575 2780 558 1760 2519 2768 1780 1188 3253 3385 3435 1456 2303 1342 1471 320 505 1741 2440 2539 2906 511 994 1176 1982 3129 3135 3242 229 310
473 1797 2454 142 770 2359 229 2352 303 430 929 1532 3222 3385 3427 3432 1187 2740 3435
474 480 2377 2751 3025 3087 3351 3357 1989 2191 2281 52 190 875 1089 1180 320 385 447 364 816 1293 1723 2359 2362 2809 1853 3385 459 2433 280 432 642 979
475 2794 264 598 3166 3177 3056 3144 764 919 1023 229 886 1079 2908 1203 2359 2405 2576 2670 2454 1940 3268 3375 3385 495 1527 1865 2061
476 229 950 979 1747 1749 1157 2359 480 568 2724 2784 1367 395 646 837 1078 1151 3156 502 853 190 3328 3385 3435 1784 2521 320 2751
477 601 701 855 1080 1151 371 812 814 951 953 1471 344 897 1434 2124 2175 2433 2448 571 1129 1551 1554 1679 1002 1374 2054 25 229 628 1066 1503 2958 1827 2271 2273 2359 2832 610 1354 1396 2092 2454 2726 1877 3385 3034 3099 3127 3163 3182 3279 3281 3308 1688 2309 2500 2292 2541 2707
478 3218 3282 3385 3393 1909 10 953 1728 2359 2839 786 897 1260 602 1362 1442 229 998 1532 3435 1554 911 2432
479 3385 3435 2359
480 786 897 1688 274 928 1279 2506 2742 1883 2554 2558 3051 3271 3361 3385 3435 140 371 1417 1568 3025 606 258 646 2359 128 229 660 727 1180 1554 2131 2810 2964 911 1501 2433
481 708 953 1163 2359 786 1189 1688 1810 1936 320 831 858 885 1751 3025 3085 3087 3107 3281 3306 753 3385 3393 2714 848 911 1141 2362 2839 480 2377 2563 2644 3321 3330 1180 1380 1892 928 315 3435 2281 2390 1867 2446 2831 2867 130 256
482 3435 2362 2839 3025 3393 646 1508 2359 2433 928 786 52
483 1260 2675 1532 2054 2440 3297 3385 3435 796 2621 1108 1176 3025 3109 3129 3130 3257 3261 3281 2359 2530 483 1496 603 694
484 1207 839 1219 132 404 1180 2077 2550 2359 332 1068 2950 1345 2273 979 1743 1702 3319 3385 3435 911 2124 2126
485 1662 1865 1868 1839 1720 1749 3257 3281 3289 1508 1512 1078 2990 132 156 258 646 803 764 844 3024 3089 495 591 1734 2035 433 923 984 1053 2599 2601 2705 3316 2383 2390 2413 2765 2822 1688 1071 2454 2764 2815 2362
486 928 53 911 1503 2433 2434 2656 229 486 96 100 786 897 1688 1940 2521 2554 660 1551 2109 2420 371 2359 2810 2940 2054 2440 2893 409 1119 1442 1796 3385 3435 2995 3025 3156 1354 2454 2714 3223 3266 3281 3332
487 642 2400 2824 1180 2280 2281 3393 2768 786 1940 2554 2558 3385 492 875 641 393 480 464 646 1080 3309 3330 3343 3359 2839 3265 3270 589 2433 2739 173 568 1354 2751 366 864 1977 2359 3034
488 567 1688 309 1532 2681 229 1247 2126 597 602 3097 3254 3385 3435 2832 774 3083 385
489 1688 1780 2099 2523 2558 2184 2768 2454 2542 2814 3381 3385 3405 3435 1758 3241 3257 3276 3281 3289 3302 3306 1157 1343 486 729 873 996 1180 1262 1741 1747 1814 320 385 479 708 711 814 646 936 911 1503 1611 1662 546 792 844 1643 1728 1770 1831 1354 128 1301 1302 937 45 106 428 2153 2433 2275 2359 2362 2408 2815 2816 2334 2588 2905 2907 1421 1426 1429 2111 2281 2282
490 929 1002 1749 2588 2684 1810 2497 615 2974 3232 3273 3317 212 897 1688 229 1180 1679 2433 2611 3363 3435 460 1703 371 1946 2273 2359 2454 2860 70 2640
491 65 263 646 830 516 1304 1525 1529 2220 2430 906 982 1747 457 459 956 1157 1567 2798 2862 2867 2951 3177 3222 3261 340 859 886 1800 844 1688 1937 1749 3282 3435 2359
492 459 1503 1955 2153 2447 2656 2691 2693 585 897 979 1749 1901 3025 3134 3225 90 392 478 7 320 568 1792 1992 1688 1983 1988 2281 2454 2751 2810 1777 1883 2026 2084 2509 3281 3385 3435 2358 1685 2359 2404 229 354 1300 2991 371 1018 1024 1157 1510 2779 2832 2294 2926 803 1519 1699 2584 2745
493 1554 2907 959 2359 3328 3363 1309 1529 1864 2127 2433 466 1982 2542 2958 897 764 1720 960 1688
494 229 2814 1688 2558 3435 2684 2907 2035 2281 1276 1398 66 711 867 1508 764 486 3011 3129 1403 2454 254 272
495 201 1354 3385 3393 3434 928 1371 1375 3281 3025 3156 786 153 1023 1157 1230 2359 2839 1523 1955 2432 2433 2482 2658 2698 2371
496 2098 3438 2359 2433 2613 2655 1485 1516 2705 2819 2406 2842 2925 2657 2658 1797 1870 3385 3435 153 1354 2253 1151 1079 1503 455 911 1101 929 1532 3025 3066 3112 3265 3286 3288 1554 1679 1130 1180 1198 1551 61 859 1289 1292 1415 2068 1749 1925 1529 2006 2059 2147 284 1157 580 1260 1688 1883 1904 192 229 511 946
497 778 878 1532 1749 142 814 1024 2658 1359 566 1354 3206 764 766 598 1151 3069 3112 1157 1063 2552 3377 3435 1688 1945 2212 2497 2433 2351 2715 2969 2403 2916 2888
498 3385 3435 2359
499 2331 2433 654 2035 2351 2903 2077 1106 1720 1741 1399 2764 854 1142 1245 1502 1610 1759 1865 937 1701 1802 14 3025 3047 3163 3231 3289 3434 721 1471 2633 385 646 832 764 897 1687 1688
500 167 70 1546 939 3025 3092 3111 3385 3393 3403 903 929 2112 911 1311 2007 2153 2327 2433 3165 142 711 786 890 1780 229 1679 1987 2337 2469 2510 2871 1354 2170 2543 2839 2359 2521 2765 2950 2658 3435
501 201 1151 713 1023 1157 3385 2342 3109 3263 3281 984 928 229 1377 1554 2727 2343 2500 1503 2315 2359 3435 2433 2658 692 786
502 642 2336 1834 2359 2839 2749 2259 2433 2652 2658 174 786 2077 229 1679 3025 3265 3385 3393 3435
503 1679 2282 2295 2434 2640 2832 3332 3385 3430 3435 3285 1749 1898 2054 2439 2871 2875 1263 1554 513 731 780 1180 1820 2363 2409 122 555 1172 1024 1157 2275 2359 175 721 814 2988 2995 3000 3109 3121 1238 1483 1541 19 229 404 1503 1285 1758 242 1354 2934 442 320 856 859 5 2766 929 1683 1688 2031 2500
504 602 1758 555 909 1095 1690 2173 2433 2480 2832 2848 3308 3309 3374 3385 3287 425 1374 786 842 858 1151 2050 2139 3435 2661 1688 2420 1270 2952 148 203 2359 2839 120 121 1124 1180 139 143 925 1157 1506
505 337 446 786 968 143 711 535 1453 2380 113 320 644 867 921 1289 1724 2162 1688 1780 1883 2030 2661 803 862 937 1079 3295 3307 3309 3000 3115 3202 3227 3250 3286 1561 125 459 560 593 1245 1764 2012 2542 229 571 1982 2814 2867 1758 1797 1844 642 928 1530 2436 2613 2617 2693 2701 2780 2359 2839 2051 2907 2126 2179 2330 2431 3393 3435 2282 2387 2390
506 974 1151 1644 1688 2903 387 889 2618 2735 1878 2764 2815 2862 2948 2562 2715 2726 2751 1180 1211 1982 2230 2293 2390 2420 1212 1551 1592 764 786 844 899 753 929 1002 1054 1056 1456 1747 122 234 683 749 1024 1233 1289 1633 1634 1354 1749 1971 1147 1245 2180 2433 3008 3025 3178 3199 3226 2839 576 878 1045 1939 1400 1451 2341 2558 2765 2767 2359 3309 3385 3393 2026 2032 2242 2368 2497
507 2061 2126 3281 3385 3435 486 984 1279 1354 871 926 56 122 587 682 1172 1023 1471 1634 2359 1119 2408 1180 1377 2420 859 976 3267 337 793 1255
508 2035 2281 2825 2684 3385 3393 3435 1797 385 1151 1391 1688 1905 2521 1609 1687 2070 2359 2362 2578 2671 2839 1157 1343 1348 1728 1770 1834 156 192 122 100 210 764 1354 1453 2201 2723 2751 1002 1898 1925 2335 2336 777 3097 3104 3129 3281 3326 3330 786 898 1180 1379 1679 1981 592 911 1955 2180 2594 2634 2641 2731 3079 3087 175 711 721 2995 3067 276 428 613 929 336 479 480 568 7 2761 2286
509 284 711 1412 320 466 1394 1752 2996 3025 3097 3220 3283 3332 103 642 929 1005 1720 1743 2606 2303 2720 2810 2867 1688 1940 2550 2556 584 897 962 1687 265 3394 3426 593 1658 1865 2123 2433 128 229 517 1175 2040 2282 2487 2491 2515 2477 2628 2928 2704
510 3025 122 290 1245 2433 1378 1554 2588 3097 3222 3385 642 2582 3393 3429 3435 2633 2839 2720 2937 2168 814 1023 2359 786
511 1733 1981 2038 2281 3309 2538 1215 1379 1554 64 2839 2843 815 918 229 488 1005 1164 1834 1013 1362 2359 2409 2693 2739 2830 2832 2255 2433 2691 2751 28 31 335 568 2205 1442 1794 3361 3435 3171 3236 3256 1329 556 794 1167 1244 2818 2820 1975 2031 2497 786 892 1223 1683 1688